{('ara', 'ara'): 1.0, ('ara', 'ben'): 0.1111111111111111, ('ara', 'eng'): 0.02564102564102564, ('ara', 'fin'): 0.07692307692307693, ('ara', 'ind'): 0.02564102564102564, ('ara', 'kor'): 0.05714285714285714, ('ara', 'rus'): 0.05263157894736842, ('ara', 'swh'): 0.02702702702702703, ('ara', 'tel'): 0.2, ('ben', 'ara'): 0.1111111111111111, ('ben', 'ben'): 1.0, ('ben', 'eng'): 0.02564102564102564, ('ben', 'fin'): 0.05128205128205128, ('ben', 'ind'): 0.02564102564102564, ('ben', 'kor'): 0.08823529411764706, ('ben', 'rus'): 0.02631578947368421, ('ben', 'swh'): 0.02702702702702703, ('ben', 'tel'): 0.16666666666666666, ('eng', 'ara'): 0.02564102564102564, ('eng', 'ben'): 0.02564102564102564, ('eng', 'eng'): 1.0, ('eng', 'fin'): 0.5128205128205128, ('eng', 'ind'): 0.3333333333333333, ('eng', 'kor'): 0.3333333333333333, ('eng', 'rus'): 0.5384615384615384, ('eng', 'swh'): 0.4358974358974359, ('eng', 'tel'): 0.1282051282051282, ('fin', 'ara'): 0.07692307692307693, ('fin', 'ben'): 0.05128205128205128, ('fin', 'eng'): 0.5128205128205128, ('fin', 'fin'): 1.0, ('fin', 'ind'): 0.3076923076923077, ('fin', 'kor'): 0.3333333333333333, ('fin', 'rus'): 0.5897435897435898, ('fin', 'swh'): 0.38461538461538464, ('fin', 'tel'): 0.20512820512820512, ('ind', 'ara'): 0.02564102564102564, ('ind', 'ben'): 0.02564102564102564, ('ind', 'eng'): 0.3333333333333333, ('ind', 'fin'): 0.3076923076923077, ('ind', 'ind'): 1.0, ('ind', 'kor'): 0.23076923076923078, ('ind', 'rus'): 0.23076923076923078, ('ind', 'swh'): 0.358974358974359, ('ind', 'tel'): 0.1282051282051282, ('kor', 'ara'): 0.05714285714285714, ('kor', 'ben'): 0.08823529411764706, ('kor', 'eng'): 0.3333333333333333, ('kor', 'fin'): 0.3333333333333333, ('kor', 'ind'): 0.23076923076923078, ('kor', 'kor'): 1.0, ('kor', 'rus'): 0.47368421052631576, ('kor', 'swh'): 0.2631578947368421, ('kor', 'tel'): 0.17142857142857143, ('rus', 'ara'): 0.05263157894736842, ('rus', 'ben'): 0.02631578947368421, ('rus', 'eng'): 0.5384615384615384, ('rus', 'fin'): 0.5897435897435898, ('rus', 'ind'): 0.23076923076923078, ('rus', 'kor'): 0.47368421052631576, ('rus', 'rus'): 1.0, ('rus', 'swh'): 0.42105263157894735, ('rus', 'tel'): 0.10256410256410256, ('swh', 'ara'): 0.02702702702702703, ('swh', 'ben'): 0.02702702702702703, ('swh', 'eng'): 0.4358974358974359, ('swh', 'fin'): 0.38461538461538464, ('swh', 'ind'): 0.358974358974359, ('swh', 'kor'): 0.2631578947368421, ('swh', 'rus'): 0.42105263157894735, ('swh', 'swh'): 1.0, ('swh', 'tel'): 0.07894736842105263, ('tel', 'ara'): 0.2, ('tel', 'ben'): 0.16666666666666666, ('tel', 'eng'): 0.1282051282051282, ('tel', 'fin'): 0.20512820512820512, ('tel', 'ind'): 0.1282051282051282, ('tel', 'kor'): 0.17142857142857143, ('tel', 'rus'): 0.10256410256410256, ('tel', 'swh'): 0.07894736842105263, ('tel', 'tel'): 1.0}
