{('ara', 'ara'): 1.0, ('ara', 'ben'): 0.6153846153846154, ('ara', 'eng'): 0.6, ('ara', 'fin'): 0.6, ('ara', 'ind'): 0.6, ('ara', 'kor'): 0.4, ('ara', 'rus'): 0.6923076923076923, ('ara', 'swh'): 0.5, ('ara', 'tel'): 0.6153846153846154, ('ben', 'ara'): 0.6153846153846154, ('ben', 'ben'): 1.0, ('ben', 'eng'): 0.8, ('ben', 'fin'): 0.8, ('ben', 'ind'): 0.8888888888888888, ('ben', 'kor'): 0.6666666666666666, ('ben', 'rus'): 0.8888888888888888, ('ben', 'swh'): 0.7, ('ben', 'tel'): 1.0, ('eng', 'ara'): 0.6, ('eng', 'ben'): 0.8, ('eng', 'eng'): 1.0, ('eng', 'fin'): 0.8333333333333334, ('eng', 'ind'): 0.8333333333333334, ('eng', 'kor'): 0.5833333333333334, ('eng', 'rus'): 0.8181818181818182, ('eng', 'swh'): 0.8333333333333334, ('eng', 'tel'): 0.8, ('fin', 'ara'): 0.6, ('fin', 'ben'): 0.8, ('fin', 'eng'): 0.8333333333333334, ('fin', 'fin'): 1.0, ('fin', 'ind'): 0.8333333333333334, ('fin', 'kor'): 0.5833333333333334, ('fin', 'rus'): 0.8181818181818182, ('fin', 'swh'): 0.6923076923076923, ('fin', 'tel'): 0.8, ('ind', 'ara'): 0.6, ('ind', 'ben'): 0.8888888888888888, ('ind', 'eng'): 0.8333333333333334, ('ind', 'fin'): 0.8333333333333334, ('ind', 'ind'): 1.0, ('ind', 'kor'): 0.5833333333333334, ('ind', 'rus'): 0.8181818181818182, ('ind', 'swh'): 0.8333333333333334, ('ind', 'tel'): 0.8888888888888888, ('kor', 'ara'): 0.4, ('kor', 'ben'): 0.6666666666666666, ('kor', 'eng'): 0.5833333333333334, ('kor', 'fin'): 0.5833333333333334, ('kor', 'ind'): 0.5833333333333334, ('kor', 'kor'): 1.0, ('kor', 'rus'): 0.5454545454545454, ('kor', 'swh'): 0.46153846153846156, ('kor', 'tel'): 0.6666666666666666, ('rus', 'ara'): 0.6923076923076923, ('rus', 'ben'): 0.8888888888888888, ('rus', 'eng'): 0.8181818181818182, ('rus', 'fin'): 0.8181818181818182, ('rus', 'ind'): 0.8181818181818182, ('rus', 'kor'): 0.5454545454545454, ('rus', 'rus'): 1.0, ('rus', 'swh'): 0.6666666666666666, ('rus', 'tel'): 0.8888888888888888, ('swh', 'ara'): 0.5, ('swh', 'ben'): 0.7, ('swh', 'eng'): 0.8333333333333334, ('swh', 'fin'): 0.6923076923076923, ('swh', 'ind'): 0.8333333333333334, ('swh', 'kor'): 0.46153846153846156, ('swh', 'rus'): 0.6666666666666666, ('swh', 'swh'): 1.0, ('swh', 'tel'): 0.7, ('tel', 'ara'): 0.6153846153846154, ('tel', 'ben'): 1.0, ('tel', 'eng'): 0.8, ('tel', 'fin'): 0.8, ('tel', 'ind'): 0.8888888888888888, ('tel', 'kor'): 0.6666666666666666, ('tel', 'rus'): 0.8888888888888888, ('tel', 'swh'): 0.7, ('tel', 'tel'): 1.0}
