{('ara', 'ara'): 1.0, ('ara', 'ben'): 0.2962962962962963, ('ara', 'eng'): 0.42105263157894735, ('ara', 'fin'): 0.43859649122807015, ('ara', 'ind'): 0.47058823529411764, ('ara', 'kor'): 0.2711864406779661, ('ara', 'rus'): 0.48148148148148145, ('ara', 'swh'): 0.5581395348837209, ('ara', 'tel'): 0.2682926829268293, ('ben', 'ara'): 0.2962962962962963, ('ben', 'ben'): 1.0, ('ben', 'eng'): 0.2631578947368421, ('ben', 'fin'): 0.3684210526315789, ('ben', 'ind'): 0.2631578947368421, ('ben', 'kor'): 0.6470588235294118, ('ben', 'rus'): 0.35, ('ben', 'swh'): 0.25, ('ben', 'tel'): 0.46153846153846156, ('eng', 'ara'): 0.42105263157894735, ('eng', 'ben'): 0.2631578947368421, ('eng', 'eng'): 1.0, ('eng', 'fin'): 0.5952380952380952, ('eng', 'ind'): 0.5641025641025641, ('eng', 'kor'): 0.4523809523809524, ('eng', 'rus'): 0.7027027027027027, ('eng', 'swh'): 0.26666666666666666, ('eng', 'tel'): 0.3333333333333333, ('fin', 'ara'): 0.43859649122807015, ('fin', 'ben'): 0.3684210526315789, ('fin', 'eng'): 0.5952380952380952, ('fin', 'fin'): 1.0, ('fin', 'ind'): 0.4878048780487805, ('fin', 'kor'): 0.5365853658536586, ('fin', 'rus'): 0.7297297297297297, ('fin', 'swh'): 0.26666666666666666, ('fin', 'tel'): 0.4666666666666667, ('ind', 'ara'): 0.47058823529411764, ('ind', 'ben'): 0.2631578947368421, ('ind', 'eng'): 0.5641025641025641, ('ind', 'fin'): 0.4878048780487805, ('ind', 'ind'): 1.0, ('ind', 'kor'): 0.3181818181818182, ('ind', 'rus'): 0.5, ('ind', 'swh'): 0.3684210526315789, ('ind', 'tel'): 0.21212121212121213, ('kor', 'ara'): 0.2711864406779661, ('kor', 'ben'): 0.6470588235294118, ('kor', 'eng'): 0.4523809523809524, ('kor', 'fin'): 0.5365853658536586, ('kor', 'ind'): 0.3181818181818182, ('kor', 'kor'): 1.0, ('kor', 'rus'): 0.5238095238095238, ('kor', 'swh'): 0.11764705882352941, ('kor', 'tel'): 0.72, ('rus', 'ara'): 0.48148148148148145, ('rus', 'ben'): 0.35, ('rus', 'eng'): 0.7027027027027027, ('rus', 'fin'): 0.7297297297297297, ('rus', 'ind'): 0.5, ('rus', 'kor'): 0.5238095238095238, ('rus', 'rus'): 1.0, ('rus', 'swh'): 0.3111111111111111, ('rus', 'tel'): 0.3548387096774194, ('swh', 'ara'): 0.5581395348837209, ('swh', 'ben'): 0.25, ('swh', 'eng'): 0.26666666666666666, ('swh', 'fin'): 0.26666666666666666, ('swh', 'ind'): 0.3684210526315789, ('swh', 'kor'): 0.11764705882352941, ('swh', 'rus'): 0.3111111111111111, ('swh', 'swh'): 1.0, ('swh', 'tel'): 0.12903225806451613, ('tel', 'ara'): 0.2682926829268293, ('tel', 'ben'): 0.46153846153846156, ('tel', 'eng'): 0.3333333333333333, ('tel', 'fin'): 0.4666666666666667, ('tel', 'ind'): 0.21212121212121213, ('tel', 'kor'): 0.72, ('tel', 'rus'): 0.3548387096774194, ('tel', 'swh'): 0.12903225806451613, ('tel', 'tel'): 1.0}
